@edge
@coreData=BHSA
@coreVersion=c
@description=Edges to co-referring actors on chapter-level. The references are adapted from Eep Talstra's work on participant tracking. http://doi.org/10.5281/zenodo.1479491
@valueType=str
@writtenBy=Text-Fabric
@dateWritten=2020-05-11T13:34:16Z

63020	1317252
63028	943180
63066	943194
63093	943190,943193,943198,943204-943205,943211,943213,943215-943216
63100	63153,63165,63167,63169,63255,63262,63279,63289,63306,943219-943220,943223-943224,943227,943232,943249,943254-943255,943314,943323,943361,943364,1317258,1317334
63109	63125,943221,943251
63125	63109,943221,943251
63153	63100,63165,63167,63169,63255,63262,63279,63289,63306,943219-943220,943223-943224,943227,943232,943249,943254-943255,943314,943323,943361,943364,1317258,1317334
63160	943252
63165	63100,63153,63167,63169,63255,63262,63279,63289,63306,943219-943220,943223-943224,943227,943232,943249,943254-943255,943314,943323,943361,943364,1317258,1317334
63167	63100,63153,63165,63169,63255,63262,63279,63289,63306,943219-943220,943223-943224,943227,943232,943249,943254-943255,943314,943323,943361,943364,1317258,1317334
63169	63100,63153,63165,63167,63255,63262,63279,63289,63306,943219-943220,943223-943224,943227,943232,943249,943254-943255,943314,943323,943361,943364,1317258,1317334
63183	63222,943191,1317306,1317318
63195	63198,943272
63198	63195,943272
63208	943265,943271,943276-943277,943281-943282,943292,943338,943344,943349,943352
63222	63183,943191,1317306,1317318
63229	943175-943176,943178,943187-943189,943207,943228,943234,943246,943279,943295,943302,943310-943311,943322,943360,1317274,1317293
63240	63243,63368,63386,63391,943297,943299,943375,943379,943382,943385,943388,943392,943396,943398,1317355
63243	63240,63368,63386,63391,943297,943299,943375,943379,943382,943385,943388,943392,943396,943398,1317355
63254	943209-943210,943212,943239,943300,943317-943318,943320,943328,943336,1317321
63100,63153,63165,63167,63169,63262,63279,63289,63306,943219-943220,943223-943224,943227,943232,943249,943254-943255,943314,943323,943361,943364,1317258,1317334
63262	63100,63153,63165,63167,63169,63255,63279,63289,63306,943219-943220,943223-943224,943227,943232,943249,943254-943255,943314,943323,943361,943364,1317258,1317334
63279	63100,63153,63165,63167,63169,63255,63262,63289,63306,943219-943220,943223-943224,943227,943232,943249,943254-943255,943314,943323,943361,943364,1317258,1317334
63289	63100,63153,63165,63167,63169,63255,63262,63279,63306,943219-943220,943223-943224,943227,943232,943249,943254-943255,943314,943323,943361,943364,1317258,1317334
63306	63100,63153,63165,63167,63169,63255,63262,63279,63289,943219-943220,943223-943224,943227,943232,943249,943254-943255,943314,943323,943361,943364,1317258,1317334
63318	943345,943347
63320	943350
63328	63330,63346,1317325,1317342,1317348,1317352
63330	63328,63346,1317325,1317342,1317348,1317352
63346	63328,63330,1317325,1317342,1317348,1317352
63349	943356-943358,943362,943366-943368
63368	63240,63243,63386,63391,943297,943299,943375,943379,943382,943385,943388,943392,943396,943398,1317355
63386	63240,63243,63368,63391,943297,943299,943375,943379,943382,943385,943388,943392,943396,943398,1317355
63391	63240,63243,63368,63386,943297,943299,943375,943379,943382,943385,943388,943392,943396,943398,1317355
63405	63408,63426,63447,63705,63745,63759,63769,63771,63781,63815,63822,943406,943415,943418,943427,943431,943433,943436-943437,943443,943457-943458,943599,943621-943622,943626,943646,943665,943667,943674
63408	63405,63426,63447,63705,63745,63759,63769,63771,63781,63815,63822,943406,943415,943418,943427,943431,943433,943436-943437,943443,943457-943458,943599,943621-943622,943626,943646,943665,943667,943674
63415	1317365
63426	63405,63408,63447,63705,63745,63759,63769,63771,63781,63815,63822,943406,943415,943418,943427,943431,943433,943436-943437,943443,943457-943458,943599,943621-943622,943626,943646,943665,943667,943674
63432	1317369
63436	63440,63451,63454,63724,63727,63804,943401-943402,943404,943410-943412,943422-943423,943439-943441,943452-943453,943460-943461,943574-943575,943606-943607,943613,943676-943678
63440	63436,63451,63454,63724,63727,63804,943401-943402,943404,943410-943412,943422-943423,943439-943441,943452-943453,943460-943461,943574-943575,943606-943607,943613,943676-943678
63444	943432,1317371,1317473
63447	63405,63408,63426,63705,63745,63759,63769,63771,63781,63815,63822,943406,943415,943418,943427,943431,943433,943436-943437,943443,943457-943458,943599,943621-943622,943626,943646,943665,943667,943674
63451	63436,63440,63454,63724,63727,63804,943401-943402,943404,943410-943412,943422-943423,943439-943441,943452-943453,943460-943461,943574-943575,943606-943607,943613,943676-943678
63454	63436,63440,63451,63724,63727,63804,943401-943402,943404,943410-943412,943422-943423,943439-943441,943452-943453,943460-943461,943574-943575,943606-943607,943613,943676-943678
63457	63462,943444
63462	63457,943444
63470	943454
63479	63482,63485,63492,63496,63499,63501,63504,63515,63518,63523,63528,63530-63531,63538,63542,63546,63551,63555,63562,63565,63569,63576,63580,63632,63635,63643,63656,63674,943464,943468,943472,943479,943483,943493,943497,943502,943508,943511,943516,943520,943524,943529,943532-943533,943543-943545,943553-943554,943559,943562,943567-943568,943572,943579,943586,943588
63482	63479,63485,63492,63496,63499,63501,63504,63515,63518,63523,63528,63530-63531,63538,63542,63546,63551,63555,63562,63565,63569,63576,63580,63632,63635,63643,63656,63674,943464,943468,943472,943479,943483,943493,943497,943502,943508,943511,943516,943520,943524,943529,943532-943533,943543-943545,943553-943554,943559,943562,943567-943568,943572,943579,943586,943588
63485	63479,63482,63492,63496,63499,63501,63504,63515,63518,63523,63528,63530-63531,63538,63542,63546,63551,63555,63562,63565,63569,63576,63580,63632,63635,63643,63656,63674,943464,943468,943472,943479,943483,943493,943497,943502,943508,943511,943516,943520,943524,943529,943532-943533,943543-943545,943553-943554,943559,943562,943567-943568,943572,943579,943586,943588
63489	943465-943466,1317382,1317396,1317428,1317431
63492	63479,63482,63485,63496,63499,63501,63504,63515,63518,63523,63528,63530-63531,63538,63542,63546,63551,63555,63562,63565,63569,63576,63580,63632,63635,63643,63656,63674,943464,943468,943472,943479,943483,943493,943497,943502,943508,943511,943516,943520,943524,943529,943532-943533,943543-943545,943553-943554,943559,943562,943567-943568,943572,943579,943586,943588
63496	63479,63482,63485,63492,63499,63501,63504,63515,63518,63523,63528,63530-63531,63538,63542,63546,63551,63555,63562,63565,63569,63576,63580,63632,63635,63643,63656,63674,943464,943468,943472,943479,943483,943493,943497,943502,943508,943511,943516,943520,943524,943529,943532-943533,943543-943545,943553-943554,943559,943562,943567-943568,943572,943579,943586,943588
63499	63479,63482,63485,63492,63496,63501,63504,63515,63518,63523,63528,63530-63531,63538,63542,63546,63551,63555,63562,63565,63569,63576,63580,63632,63635,63643,63656,63674,943464,943468,943472,943479,943483,943493,943497,943502,943508,943511,943516,943520,943524,943529,943532-943533,943543-943545,943553-943554,943559,943562,943567-943568,943572,943579,943586,943588
63501	63479,63482,63485,63492,63496,63499,63504,63515,63518,63523,63528,63530-63531,63538,63542,63546,63551,63555,63562,63565,63569,63576,63580,63632,63635,63643,63656,63674,943464,943468,943472,943479,943483,943493,943497,943502,943508,943511,943516,943520,943524,943529,943532-943533,943543-943545,943553-943554,943559,943562,943567-943568,943572,943579,943586,943588
63504	63479,63482,63485,63492,63496,63499,63501,63515,63518,63523,63528,63530-63531,63538,63542,63546,63551,63555,63562,63565,63569,63576,63580,63632,63635,63643,63656,63674,943464,943468,943472,943479,943483,943493,943497,943502,943508,943511,943516,943520,943524,943529,943532-943533,943543-943545,943553-943554,943559,943562,943567-943568,943572,943579,943586,943588
63515	63479,63482,63485,63492,63496,63499,63501,63504,63518,63523,63528,63530-63531,63538,63542,63546,63551,63555,63562,63565,63569,63576,63580,63632,63635,63643,63656,63674,943464,943468,943472,943479,943483,943493,943497,943502,943508,943511,943516,943520,943524,943529,943532-943533,943543-943545,943553-943554,943559,943562,943567-943568,943572,943579,943586,943588
63518	63479,63482,63485,63492,63496,63499,63501,63504,63515,63523,63528,63530-63531,63538,63542,63546,63551,63555,63562,63565,63569,63576,63580,63632,63635,63643,63656,63674,943464,943468,943472,943479,943483,943493,943497,943502,943508,943511,943516,943520,943524,943529,943532-943533,943543-943545,943553-943554,943559,943562,943567-943568,943572,943579,943586,943588
63521	943486-943487
63523	63479,63482,63485,63492,63496,63499,63501,63504,63515,63518,63528,63530-63531,63538,63542,63546,63551,63555,63562,63565,63569,63576,63580,63632,63635,63643,63656,63674,943464,943468,943472,943479,943483,943493,943497,943502,943508,943511,943516,943520,943524,943529,943532-943533,943543-943545,943553-943554,943559,943562,943567-943568,943572,943579,943586,943588
63528	63479,63482,63485,63492,63496,63499,63501,63504,63515,63518,63523,63530-63531,63538,63542,63546,63551,63555,63562,63565,63569,63576,63580,63632,63635,63643,63656,63674,943464,943468,943472,943479,943483,943493,943497,943502,943508,943511,943516,943520,943524,943529,943532-943533,943543-943545,943553-943554,943559,943562,943567-943568,943572,943579,943586,943588
63530	63479,63482,63485,63492,63496,63499,63501,63504,63515,63518,63523,63528,63531,63538,63542,63546,63551,63555,63562,63565,63569,63576,63580,63632,63635,63643,63656,63674,943464,943468,943472,943479,943483,943493,943497,943502,943508,943511,943516,943520,943524,943529,943532-943533,943543-943545,943553-943554,943559,943562,943567-943568,943572,943579,943586,943588
63479,63482,63485,63492,63496,63499,63501,63504,63515,63518,63523,63528,63530,63538,63542,63546,63551,63555,63562,63565,63569,63576,63580,63632,63635,63643,63656,63674,943464,943468,943472,943479,943483,943493,943497,943502,943508,943511,943516,943520,943524,943529,943532-943533,943543-943545,943553-943554,943559,943562,943567-943568,943572,943579,943586,943588
63538	63479,63482,63485,63492,63496,63499,63501,63504,63515,63518,63523,63528,63530-63531,63542,63546,63551,63555,63562,63565,63569,63576,63580,63632,63635,63643,63656,63674,943464,943468,943472,943479,943483,943493,943497,943502,943508,943511,943516,943520,943524,943529,943532-943533,943543-943545,943553-943554,943559,943562,943567-943568,943572,943579,943586,943588
63542	63479,63482,63485,63492,63496,63499,63501,63504,63515,63518,63523,63528,63530-63531,63538,63546,63551,63555,63562,63565,63569,63576,63580,63632,63635,63643,63656,63674,943464,943468,943472,943479,943483,943493,943497,943502,943508,943511,943516,943520,943524,943529,943532-943533,943543-943545,943553-943554,943559,943562,943567-943568,943572,943579,943586,943588
63546	63479,63482,63485,63492,63496,63499,63501,63504,63515,63518,63523,63528,63530-63531,63538,63542,63551,63555,63562,63565,63569,63576,63580,63632,63635,63643,63656,63674,943464,943468,943472,943479,943483,943493,943497,943502,943508,943511,943516,943520,943524,943529,943532-943533,943543-943545,943553-943554,943559,943562,943567-943568,943572,943579,943586,943588
63551	63479,63482,63485,63492,63496,63499,63501,63504,63515,63518,63523,63528,63530-63531,63538,63542,63546,63555,63562,63565,63569,63576,63580,63632,63635,63643,63656,63674,943464,943468,943472,943479,943483,943493,943497,943502,943508,943511,943516,943520,943524,943529,943532-943533,943543-943545,943553-943554,943559,943562,943567-943568,943572,943579,943586,943588
63555	63479,63482,63485,63492,63496,63499,63501,63504,63515,63518,63523,63528,63530-63531,63538,63542,63546,63551,63562,63565,63569,63576,63580,63632,63635,63643,63656,63674,943464,943468,943472,943479,943483,943493,943497,943502,943508,943511,943516,943520,943524,943529,943532-943533,943543-943545,943553-943554,943559,943562,943567-943568,943572,943579,943586,943588
63559	1317435
63562	63479,63482,63485,63492,63496,63499,63501,63504,63515,63518,63523,63528,63530-63531,63538,63542,63546,63551,63555,63565,63569,63576,63580,63632,63635,63643,63656,63674,943464,943468,943472,943479,943483,943493,943497,943502,943508,943511,943516,943520,943524,943529,943532-943533,943543-943545,943553-943554,943559,943562,943567-943568,943572,943579,943586,943588
63565	63479,63482,63485,63492,63496,63499,63501,63504,63515,63518,63523,63528,63530-63531,63538,63542,63546,63551,63555,63562,63569,63576,63580,63632,63635,63643,63656,63674,943464,943468,943472,943479,943483,943493,943497,943502,943508,943511,943516,943520,943524,943529,943532-943533,943543-943545,943553-943554,943559,943562,943567-943568,943572,943579,943586,943588
63569	63479,63482,63485,63492,63496,63499,63501,63504,63515,63518,63523,63528,63530-63531,63538,63542,63546,63551,63555,63562,63565,63576,63580,63632,63635,63643,63656,63674,943464,943468,943472,943479,943483,943493,943497,943502,943508,943511,943516,943520,943524,943529,943532-943533,943543-943545,943553-943554,943559,943562,943567-943568,943572,943579,943586,943588
63573	943517-943518,1317437
63576	63479,63482,63485,63492,63496,63499,63501,63504,63515,63518,63523,63528,63530-63531,63538,63542,63546,63551,63555,63562,63565,63569,63580,63632,63635,63643,63656,63674,943464,943468,943472,943479,943483,943493,943497,943502,943508,943511,943516,943520,943524,943529,943532-943533,943543-943545,943553-943554,943559,943562,943567-943568,943572,943579,943586,943588
63580	63479,63482,63485,63492,63496,63499,63501,63504,63515,63518,63523,63528,63530-63531,63538,63542,63546,63551,63555,63562,63565,63569,63576,63632,63635,63643,63656,63674,943464,943468,943472,943479,943483,943493,943497,943502,943508,943511,943516,943520,943524,943529,943532-943533,943543-943545,943553-943554,943559,943562,943567-943568,943572,943579,943586,943588
63585	63590,63594,63599,63607,63614,63623,63628,943540,943550,943591,943593,943595,1317447,1317463
63590	63585,63594,63599,63607,63614,63623,63628,943540,943550,943591,943593,943595,1317447,1317463
63594	63585,63590,63599,63607,63614,63623,63628,943540,943550,943591,943593,943595,1317447,1317463
63599	63585,63590,63594,63607,63614,63623,63628,943540,943550,943591,943593,943595,1317447,1317463
63607	63585,63590,63594,63599,63614,63623,63628,943540,943550,943591,943593,943595,1317447,1317463
63614	63585,63590,63594,63599,63607,63623,63628,943540,943550,943591,943593,943595,1317447,1317463
63617,943541
63617	63615,943541
63623	63585,63590,63594,63599,63607,63614,63628,943540,943550,943591,943593,943595,1317447,1317463
63628	63585,63590,63594,63599,63607,63614,63623,943540,943550,943591,943593,943595,1317447,1317463
63632	63479,63482,63485,63492,63496,63499,63501,63504,63515,63518,63523,63528,63530-63531,63538,63542,63546,63551,63555,63562,63565,63569,63576,63580,63635,63643,63656,63674,943464,943468,943472,943479,943483,943493,943497,943502,943508,943511,943516,943520,943524,943529,943532-943533,943543-943545,943553-943554,943559,943562,943567-943568,943572,943579,943586,943588
63635	63479,63482,63485,63492,63496,63499,63501,63504,63515,63518,63523,63528,63530-63531,63538,63542,63546,63551,63555,63562,63565,63569,63576,63580,63632,63643,63656,63674,943464,943468,943472,943479,943483,943493,943497,943502,943508,943511,943516,943520,943524,943529,943532-943533,943543-943545,943553-943554,943559,943562,943567-943568,943572,943579,943586,943588
63640	943557
63643	63479,63482,63485,63492,63496,63499,63501,63504,63515,63518,63523,63528,63530-63531,63538,63542,63546,63551,63555,63562,63565,63569,63576,63580,63632,63635,63656,63674,943464,943468,943472,943479,943483,943493,943497,943502,943508,943511,943516,943520,943524,943529,943532-943533,943543-943545,943553-943554,943559,943562,943567-943568,943572,943579,943586,943588
63656	63479,63482,63485,63492,63496,63499,63501,63504,63515,63518,63523,63528,63530-63531,63538,63542,63546,63551,63555,63562,63565,63569,63576,63580,63632,63635,63643,63674,943464,943468,943472,943479,943483,943493,943497,943502,943508,943511,943516,943520,943524,943529,943532-943533,943543-943545,943553-943554,943559,943562,943567-943568,943572,943579,943586,943588
63674	63479,63482,63485,63492,63496,63499,63501,63504,63515,63518,63523,63528,63530-63531,63538,63542,63546,63551,63555,63562,63565,63569,63576,63580,63632,63635,63643,63656,943464,943468,943472,943479,943483,943493,943497,943502,943508,943511,943516,943520,943524,943529,943532-943533,943543-943545,943553-943554,943559,943562,943567-943568,943572,943579,943586,943588
63677	63686,1317465,1317467
63686	63677,1317465,1317467
63705	63405,63408,63426,63447,63745,63759,63769,63771,63781,63815,63822,943406,943415,943418,943427,943431,943433,943436-943437,943443,943457-943458,943599,943621-943622,943626,943646,943665,943667,943674
63712	63713,63719,63772,943610-943611,943617-943618,943639-943640,943643-943644,943649,1317485
63712,63719,63772,943610-943611,943617-943618,943639-943640,943643-943644,943649,1317485
63719	63712-63713,63772,943610-943611,943617-943618,943639-943640,943643-943644,943649,1317485
63724	63436,63440,63451,63454,63727,63804,943401-943402,943404,943410-943412,943422-943423,943439-943441,943452-943453,943460-943461,943574-943575,943606-943607,943613,943676-943678
63727	63436,63440,63451,63454,63724,63804,943401-943402,943404,943410-943412,943422-943423,943439-943441,943452-943453,943460-943461,943574-943575,943606-943607,943613,943676-943678
63745	63405,63408,63426,63447,63705,63759,63769,63771,63781,63815,63822,943406,943415,943418,943427,943431,943433,943436-943437,943443,943457-943458,943599,943621-943622,943626,943646,943665,943667,943674
63759	63405,63408,63426,63447,63705,63745,63769,63771,63781,63815,63822,943406,943415,943418,943427,943431,943433,943436-943437,943443,943457-943458,943599,943621-943622,943626,943646,943665,943667,943674
63769	63405,63408,63426,63447,63705,63745,63759,63771,63781,63815,63822,943406,943415,943418,943427,943431,943433,943436-943437,943443,943457-943458,943599,943621-943622,943626,943646,943665,943667,943674
63771	63405,63408,63426,63447,63705,63745,63759,63769,63781,63815,63822,943406,943415,943418,943427,943431,943433,943436-943437,943443,943457-943458,943599,943621-943622,943626,943646,943665,943667,943674
63712-63713,63719,943610-943611,943617-943618,943639-943640,943643-943644,943649,1317485
63781	63405,63408,63426,63447,63705,63745,63759,63769,63771,63815,63822,943406,943415,943418,943427,943431,943433,943436-943437,943443,943457-943458,943599,943621-943622,943626,943646,943665,943667,943674
63800	943659-943660,943662
63804	63436,63440,63451,63454,63724,63727,943401-943402,943404,943410-943412,943422-943423,943439-943441,943452-943453,943460-943461,943574-943575,943606-943607,943613,943676-943678
63815	63405,63408,63426,63447,63705,63745,63759,63769,63771,63781,63822,943406,943415,943418,943427,943431,943433,943436-943437,943443,943457-943458,943599,943621-943622,943626,943646,943665,943667,943674
63819	943668,943670
63822	63405,63408,63426,63447,63705,63745,63759,63769,63771,63781,63815,943406,943415,943418,943427,943431,943433,943436-943437,943443,943457-943458,943599,943621-943622,943626,943646,943665,943667,943674
63838	63845,63857,63868,63871,63880,63884,63932,63935,63967,64187,64215,64219,64233,64247,64253,64296,64317,64323,64325,64330,64343,64370,64373,64376,943689-943690,943698,943701,943706,943711,943718,943722,943754,943759,943779,943782,943785,943790,943823,943870,943935,943938,943941,943959,943961,943968,943971,943974,943976,943986,943991,944008,944011,944015,944020-944021,944043,944058-944059,944065,944081,944084,1317498
63845	63838,63857,63868,63871,63880,63884,63932,63935,63967,64187,64215,64219,64233,64247,64253,64296,64317,64323,64325,64330,64343,64370,64373,64376,943689-943690,943698,943701,943706,943711,943718,943722,943754,943759,943779,943782,943785,943790,943823,943870,943935,943938,943941,943959,943961,943968,943971,943974,943976,943986,943991,944008,944011,944015,944020-944021,944043,944058-944059,944065,944081,944084,1317498
63847	63849,63978,64136,64147,64158,64163,64165,943696,943786,943886,943888,943913,943926,943932
63849	63847,63978,64136,64147,64158,64163,64165,943696,943786,943886,943888,943913,943926,943932
63853	63983,64086,64273,64276,64384,64388,943680-943681,943683,943692-943695,943702-943704,943713-943715,943720,943736,943775-943777,943796-943797,943820-943821,943843-943844,943867-943868,943915,943964-943966,943993-943994,944012-944013,944023-944025,944034-944035,944061-944063,944073-944075,944077,944086-944087,1317513,1317553
63857	63838,63845,63868,63871,63880,63884,63932,63935,63967,64187,64215,64219,64233,64247,64253,64296,64317,64323,64325,64330,64343,64370,64373,64376,943689-943690,943698,943701,943706,943711,943718,943722,943754,943759,943779,943782,943785,943790,943823,943870,943935,943938,943941,943959,943961,943968,943971,943974,943976,943986,943991,944008,944011,944015,944020-944021,944043,944058-944059,944065,944081,944084,1317498
63868	63838,63845,63857,63871,63880,63884,63932,63935,63967,64187,64215,64219,64233,64247,64253,64296,64317,64323,64325,64330,64343,64370,64373,64376,943689-943690,943698,943701,943706,943711,943718,943722,943754,943759,943779,943782,943785,943790,943823,943870,943935,943938,943941,943959,943961,943968,943971,943974,943976,943986,943991,944008,944011,944015,944020-944021,944043,944058-944059,944065,944081,944084,1317498
63871	63838,63845,63857,63868,63880,63884,63932,63935,63967,64187,64215,64219,64233,64247,64253,64296,64317,64323,64325,64330,64343,64370,64373,64376,943689-943690,943698,943701,943706,943711,943718,943722,943754,943759,943779,943782,943785,943790,943823,943870,943935,943938,943941,943959,943961,943968,943971,943974,943976,943986,943991,944008,944011,944015,944020-944021,944043,944058-944059,944065,944081,944084,1317498
63880	63838,63845,63857,63868,63871,63884,63932,63935,63967,64187,64215,64219,64233,64247,64253,64296,64317,64323,64325,64330,64343,64370,64373,64376,943689-943690,943698,943701,943706,943711,943718,943722,943754,943759,943779,943782,943785,943790,943823,943870,943935,943938,943941,943959,943961,943968,943971,943974,943976,943986,943991,944008,944011,944015,944020-944021,944043,944058-944059,944065,944081,944084,1317498
943719,943724
63884	63838,63845,63857,63868,63871,63880,63932,63935,63967,64187,64215,64219,64233,64247,64253,64296,64317,64323,64325,64330,64343,64370,64373,64376,943689-943690,943698,943701,943706,943711,943718,943722,943754,943759,943779,943782,943785,943790,943823,943870,943935,943938,943941,943959,943961,943968,943971,943974,943976,943986,943991,944008,944011,944015,944020-944021,944043,944058-944059,944065,944081,944084,1317498
63914	943738-943739,943741
943743,943745,943748
63929	943750-943751
63932	63838,63845,63857,63868,63871,63880,63884,63935,63967,64187,64215,64219,64233,64247,64253,64296,64317,64323,64325,64330,64343,64370,64373,64376,943689-943690,943698,943701,943706,943711,943718,943722,943754,943759,943779,943782,943785,943790,943823,943870,943935,943938,943941,943959,943961,943968,943971,943974,943976,943986,943991,944008,944011,944015,944020-944021,944043,944058-944059,944065,944081,944084,1317498
63935	63838,63845,63857,63868,63871,63880,63884,63932,63967,64187,64215,64219,64233,64247,64253,64296,64317,64323,64325,64330,64343,64370,64373,64376,943689-943690,943698,943701,943706,943711,943718,943722,943754,943759,943779,943782,943785,943790,943823,943870,943935,943938,943941,943959,943961,943968,943971,943974,943976,943986,943991,944008,944011,944015,944020-944021,944043,944058-944059,944065,944081,944084,1317498
63939	63944,63948,63953,63991,63997,64005,64021,64042,64047,64052,64058,64060,64064,64077,64081-64082,64088,64092,64102,64239,64259,64308,64314,64334,943757,943763,943767,943771,943773,943794,943799,943803,943810,943815,943818,943827,943831,943834,943837,943841,943846,943850,943854,943858,943861,943864,943873,943877,943980,943996,943998,944027,944029,944032,944054
63944	63939,63948,63953,63991,63997,64005,64021,64042,64047,64052,64058,64060,64064,64077,64081-64082,64088,64092,64102,64239,64259,64308,64314,64334,943757,943763,943767,943771,943773,943794,943799,943803,943810,943815,943818,943827,943831,943834,943837,943841,943846,943850,943854,943858,943861,943864,943873,943877,943980,943996,943998,944027,944029,944032,944054
63948	63939,63944,63953,63991,63997,64005,64021,64042,64047,64052,64058,64060,64064,64077,64081-64082,64088,64092,64102,64239,64259,64308,64314,64334,943757,943763,943767,943771,943773,943794,943799,943803,943810,943815,943818,943827,943831,943834,943837,943841,943846,943850,943854,943858,943861,943864,943873,943877,943980,943996,943998,944027,944029,944032,944054
63953	63939,63944,63948,63991,63997,64005,64021,64042,64047,64052,64058,64060,64064,64077,64081-64082,64088,64092,64102,64239,64259,64308,64314,64334,943757,943763,943767,943771,943773,943794,943799,943803,943810,943815,943818,943827,943831,943834,943837,943841,943846,943850,943854,943858,943861,943864,943873,943877,943980,943996,943998,944027,944029,944032,944054
63964	943769
63967	63838,63845,63857,63868,63871,63880,63884,63932,63935,64187,64215,64219,64233,64247,64253,64296,64317,64323,64325,64330,64343,64370,64373,64376,943689-943690,943698,943701,943706,943711,943718,943722,943754,943759,943779,943782,943785,943790,943823,943870,943935,943938,943941,943959,943961,943968,943971,943974,943976,943986,943991,944008,944011,944015,944020-944021,944043,944058-944059,944065,944081,944084,1317498
63978	63847,63849,64136,64147,64158,64163,64165,943696,943786,943886,943888,943913,943926,943932
63983	63853,64086,64273,64276,64384,64388,943680-943681,943683,943692-943695,943702-943704,943713-943715,943720,943736,943775-943777,943796-943797,943820-943821,943843-943844,943867-943868,943915,943964-943966,943993-943994,944012-944013,944023-944025,944034-944035,944061-944063,944073-944075,944077,944086-944087,1317513,1317553
63991	63939,63944,63948,63953,63997,64005,64021,64042,64047,64052,64058,64060,64064,64077,64081-64082,64088,64092,64102,64239,64259,64308,64314,64334,943757,943763,943767,943771,943773,943794,943799,943803,943810,943815,943818,943827,943831,943834,943837,943841,943846,943850,943854,943858,943861,943864,943873,943877,943980,943996,943998,944027,944029,944032,944054
63997	63939,63944,63948,63953,63991,64005,64021,64042,64047,64052,64058,64060,64064,64077,64081-64082,64088,64092,64102,64239,64259,64308,64314,64334,943757,943763,943767,943771,943773,943794,943799,943803,943810,943815,943818,943827,943831,943834,943837,943841,943846,943850,943854,943858,943861,943864,943873,943877,943980,943996,943998,944027,944029,944032,944054
64005	63939,63944,63948,63953,63991,63997,64021,64042,64047,64052,64058,64060,64064,64077,64081-64082,64088,64092,64102,64239,64259,64308,64314,64334,943757,943763,943767,943771,943773,943794,943799,943803,943810,943815,943818,943827,943831,943834,943837,943841,943846,943850,943854,943858,943861,943864,943873,943877,943980,943996,943998,944027,944029,944032,944054
64021	63939,63944,63948,63953,63991,63997,64005,64042,64047,64052,64058,64060,64064,64077,64081-64082,64088,64092,64102,64239,64259,64308,64314,64334,943757,943763,943767,943771,943773,943794,943799,943803,943810,943815,943818,943827,943831,943834,943837,943841,943846,943850,943854,943858,943861,943864,943873,943877,943980,943996,943998,944027,944029,944032,944054
64042	63939,63944,63948,63953,63991,63997,64005,64021,64047,64052,64058,64060,64064,64077,64081-64082,64088,64092,64102,64239,64259,64308,64314,64334,943757,943763,943767,943771,943773,943794,943799,943803,943810,943815,943818,943827,943831,943834,943837,943841,943846,943850,943854,943858,943861,943864,943873,943877,943980,943996,943998,944027,944029,944032,944054
64047	63939,63944,63948,63953,63991,63997,64005,64021,64042,64052,64058,64060,64064,64077,64081-64082,64088,64092,64102,64239,64259,64308,64314,64334,943757,943763,943767,943771,943773,943794,943799,943803,943810,943815,943818,943827,943831,943834,943837,943841,943846,943850,943854,943858,943861,943864,943873,943877,943980,943996,943998,944027,944029,944032,944054
64052	63939,63944,63948,63953,63991,63997,64005,64021,64042,64047,64058,64060,64064,64077,64081-64082,64088,64092,64102,64239,64259,64308,64314,64334,943757,943763,943767,943771,943773,943794,943799,943803,943810,943815,943818,943827,943831,943834,943837,943841,943846,943850,943854,943858,943861,943864,943873,943877,943980,943996,943998,944027,944029,944032,944054
64058	63939,63944,63948,63953,63991,63997,64005,64021,64042,64047,64052,64060,64064,64077,64081-64082,64088,64092,64102,64239,64259,64308,64314,64334,943757,943763,943767,943771,943773,943794,943799,943803,943810,943815,943818,943827,943831,943834,943837,943841,943846,943850,943854,943858,943861,943864,943873,943877,943980,943996,943998,944027,944029,944032,944054
64060	63939,63944,63948,63953,63991,63997,64005,64021,64042,64047,64052,64058,64064,64077,64081-64082,64088,64092,64102,64239,64259,64308,64314,64334,943757,943763,943767,943771,943773,943794,943799,943803,943810,943815,943818,943827,943831,943834,943837,943841,943846,943850,943854,943858,943861,943864,943873,943877,943980,943996,943998,944027,944029,944032,944054
64064	63939,63944,63948,63953,63991,63997,64005,64021,64042,64047,64052,64058,64060,64077,64081-64082,64088,64092,64102,64239,64259,64308,64314,64334,943757,943763,943767,943771,943773,943794,943799,943803,943810,943815,943818,943827,943831,943834,943837,943841,943846,943850,943854,943858,943861,943864,943873,943877,943980,943996,943998,944027,944029,944032,944054
64068	943835,943851
64077	63939,63944,63948,63953,63991,63997,64005,64021,64042,64047,64052,64058,64060,64064,64081-64082,64088,64092,64102,64239,64259,64308,64314,64334,943757,943763,943767,943771,943773,943794,943799,943803,943810,943815,943818,943827,943831,943834,943837,943841,943846,943850,943854,943858,943861,943864,943873,943877,943980,943996,943998,944027,944029,944032,944054
64081	63939,63944,63948,63953,63991,63997,64005,64021,64042,64047,64052,64058,64060,64064,64077,64082,64088,64092,64102,64239,64259,64308,64314,64334,943757,943763,943767,943771,943773,943794,943799,943803,943810,943815,943818,943827,943831,943834,943837,943841,943846,943850,943854,943858,943861,943864,943873,943877,943980,943996,943998,944027,944029,944032,944054
63939,63944,63948,63953,63991,63997,64005,64021,64042,64047,64052,64058,64060,64064,64077,64081,64088,64092,64102,64239,64259,64308,64314,64334,943757,943763,943767,943771,943773,943794,943799,943803,943810,943815,943818,943827,943831,943834,943837,943841,943846,943850,943854,943858,943861,943864,943873,943877,943980,943996,943998,944027,944029,944032,944054
64086	63853,63983,64273,64276,64384,64388,943680-943681,943683,943692-943695,943702-943704,943713-943715,943720,943736,943775-943777,943796-943797,943820-943821,943843-943844,943867-943868,943915,943964-943966,943993-943994,944012-944013,944023-944025,944034-944035,944061-944063,944073-944075,944077,944086-944087,1317513,1317553
64088	63939,63944,63948,63953,63991,63997,64005,64021,64042,64047,64052,64058,64060,64064,64077,64081-64082,64092,64102,64239,64259,64308,64314,64334,943757,943763,943767,943771,943773,943794,943799,943803,943810,943815,943818,943827,943831,943834,943837,943841,943846,943850,943854,943858,943861,943864,943873,943877,943980,943996,943998,944027,944029,944032,944054
64092	63939,63944,63948,63953,63991,63997,64005,64021,64042,64047,64052,64058,64060,64064,64077,64081-64082,64088,64102,64239,64259,64308,64314,64334,943757,943763,943767,943771,943773,943794,943799,943803,943810,943815,943818,943827,943831,943834,943837,943841,943846,943850,943854,943858,943861,943864,943873,943877,943980,943996,943998,944027,944029,944032,944054
64102	63939,63944,63948,63953,63991,63997,64005,64021,64042,64047,64052,64058,64060,64064,64077,64081-64082,64088,64092,64239,64259,64308,64314,64334,943757,943763,943767,943771,943773,943794,943799,943803,943810,943815,943818,943827,943831,943834,943837,943841,943846,943850,943854,943858,943861,943864,943873,943877,943980,943996,943998,944027,944029,944032,944054
64125	943889,943892-943894,943899,943911
64136	63847,63849,63978,64147,64158,64163,64165,943696,943786,943886,943888,943913,943926,943932
64147	63847,63849,63978,64136,64158,64163,64165,943696,943786,943886,943888,943913,943926,943932
64158	63847,63849,63978,64136,64147,64163,64165,943696,943786,943886,943888,943913,943926,943932
64163	63847,63849,63978,64136,64147,64158,64165,943696,943786,943886,943888,943913,943926,943932
64165	63847,63849,63978,64136,64147,64158,64163,943696,943786,943886,943888,943913,943926,943932
64181	64183,64199,64212,64216,1317557
64183	64181,64199,64212,64216,1317557
64187	63838,63845,63857,63868,63871,63880,63884,63932,63935,63967,64215,64219,64233,64247,64253,64296,64317,64323,64325,64330,64343,64370,64373,64376,943689-943690,943698,943701,943706,943711,943718,943722,943754,943759,943779,943782,943785,943790,943823,943870,943935,943938,943941,943959,943961,943968,943971,943974,943976,943986,943991,944008,944011,944015,944020-944021,944043,944058-944059,944065,944081,944084,1317498
64199	64181,64183,64212,64216,1317557
64212	64181,64183,64199,64216,1317557
64215	63838,63845,63857,63868,63871,63880,63884,63932,63935,63967,64187,64219,64233,64247,64253,64296,64317,64323,64325,64330,64343,64370,64373,64376,943689-943690,943698,943701,943706,943711,943718,943722,943754,943759,943779,943782,943785,943790,943823,943870,943935,943938,943941,943959,943961,943968,943971,943974,943976,943986,943991,944008,944011,944015,944020-944021,944043,944058-944059,944065,944081,944084,1317498
64181,64183,64199,64212,1317557
64219	63838,63845,63857,63868,63871,63880,63884,63932,63935,63967,64187,64215,64233,64247,64253,64296,64317,64323,64325,64330,64343,64370,64373,64376,943689-943690,943698,943701,943706,943711,943718,943722,943754,943759,943779,943782,943785,943790,943823,943870,943935,943938,943941,943959,943961,943968,943971,943974,943976,943986,943991,944008,944011,944015,944020-944021,944043,944058-944059,944065,944081,944084,1317498
64233	63838,63845,63857,63868,63871,63880,63884,63932,63935,63967,64187,64215,64219,64247,64253,64296,64317,64323,64325,64330,64343,64370,64373,64376,943689-943690,943698,943701,943706,943711,943718,943722,943754,943759,943779,943782,943785,943790,943823,943870,943935,943938,943941,943959,943961,943968,943971,943974,943976,943986,943991,944008,944011,944015,944020-944021,944043,944058-944059,944065,944081,944084,1317498
64239	63939,63944,63948,63953,63991,63997,64005,64021,64042,64047,64052,64058,64060,64064,64077,64081-64082,64088,64092,64102,64259,64308,64314,64334,943757,943763,943767,943771,943773,943794,943799,943803,943810,943815,943818,943827,943831,943834,943837,943841,943846,943850,943854,943858,943861,943864,943873,943877,943980,943996,943998,944027,944029,944032,944054
64247	63838,63845,63857,63868,63871,63880,63884,63932,63935,63967,64187,64215,64219,64233,64253,64296,64317,64323,64325,64330,64343,64370,64373,64376,943689-943690,943698,943701,943706,943711,943718,943722,943754,943759,943779,943782,943785,943790,943823,943870,943935,943938,943941,943959,943961,943968,943971,943974,943976,943986,943991,944008,944011,944015,944020-944021,944043,944058-944059,944065,944081,944084,1317498
64253	63838,63845,63857,63868,63871,63880,63884,63932,63935,63967,64187,64215,64219,64233,64247,64296,64317,64323,64325,64330,64343,64370,64373,64376,943689-943690,943698,943701,943706,943711,943718,943722,943754,943759,943779,943782,943785,943790,943823,943870,943935,943938,943941,943959,943961,943968,943971,943974,943976,943986,943991,944008,944011,944015,944020-944021,944043,944058-944059,944065,944081,944084,1317498
64259	63939,63944,63948,63953,63991,63997,64005,64021,64042,64047,64052,64058,64060,64064,64077,64081-64082,64088,64092,64102,64239,64308,64314,64334,943757,943763,943767,943771,943773,943794,943799,943803,943810,943815,943818,943827,943831,943834,943837,943841,943846,943850,943854,943858,943861,943864,943873,943877,943980,943996,943998,944027,944029,944032,944054
64261	943997
64273	63853,63983,64086,64276,64384,64388,943680-943681,943683,943692-943695,943702-943704,943713-943715,943720,943736,943775-943777,943796-943797,943820-943821,943843-943844,943867-943868,943915,943964-943966,943993-943994,944012-944013,944023-944025,944034-944035,944061-944063,944073-944075,944077,944086-944087,1317513,1317553
64276	63853,63983,64086,64273,64384,64388,943680-943681,943683,943692-943695,943702-943704,943713-943715,943720,943736,943775-943777,943796-943797,943820-943821,943843-943844,943867-943868,943915,943964-943966,943993-943994,944012-944013,944023-944025,944034-944035,944061-944063,944073-944075,944077,944086-944087,1317513,1317553
64293	944018
64296	63838,63845,63857,63868,63871,63880,63884,63932,63935,63967,64187,64215,64219,64233,64247,64253,64317,64323,64325,64330,64343,64370,64373,64376,943689-943690,943698,943701,943706,943711,943718,943722,943754,943759,943779,943782,943785,943790,943823,943870,943935,943938,943941,943959,943961,943968,943971,943974,943976,943986,943991,944008,944011,944015,944020-944021,944043,944058-944059,944065,944081,944084,1317498
64308	63939,63944,63948,63953,63991,63997,64005,64021,64042,64047,64052,64058,64060,64064,64077,64081-64082,64088,64092,64102,64239,64259,64314,64334,943757,943763,943767,943771,943773,943794,943799,943803,943810,943815,943818,943827,943831,943834,943837,943841,943846,943850,943854,943858,943861,943864,943873,943877,943980,943996,943998,944027,944029,944032,944054
64314	63939,63944,63948,63953,63991,63997,64005,64021,64042,64047,64052,64058,64060,64064,64077,64081-64082,64088,64092,64102,64239,64259,64308,64334,943757,943763,943767,943771,943773,943794,943799,943803,943810,943815,943818,943827,943831,943834,943837,943841,943846,943850,943854,943858,943861,943864,943873,943877,943980,943996,943998,944027,944029,944032,944054
64317	63838,63845,63857,63868,63871,63880,63884,63932,63935,63967,64187,64215,64219,64233,64247,64253,64296,64323,64325,64330,64343,64370,64373,64376,943689-943690,943698,943701,943706,943711,943718,943722,943754,943759,943779,943782,943785,943790,943823,943870,943935,943938,943941,943959,943961,943968,943971,943974,943976,943986,943991,944008,944011,944015,944020-944021,944043,944058-944059,944065,944081,944084,1317498
64320	64333,944038,944040,944045,944047,944049,944051,1317525
64323	63838,63845,63857,63868,63871,63880,63884,63932,63935,63967,64187,64215,64219,64233,64247,64253,64296,64317,64325,64330,64343,64370,64373,64376,943689-943690,943698,943701,943706,943711,943718,943722,943754,943759,943779,943782,943785,943790,943823,943870,943935,943938,943941,943959,943961,943968,943971,943974,943976,943986,943991,944008,944011,944015,944020-944021,944043,944058-944059,944065,944081,944084,1317498
64325	63838,63845,63857,63868,63871,63880,63884,63932,63935,63967,64187,64215,64219,64233,64247,64253,64296,64317,64323,64330,64343,64370,64373,64376,943689-943690,943698,943701,943706,943711,943718,943722,943754,943759,943779,943782,943785,943790,943823,943870,943935,943938,943941,943959,943961,943968,943971,943974,943976,943986,943991,944008,944011,944015,944020-944021,944043,944058-944059,944065,944081,944084,1317498
